1698669.8258273592
1745987.9899054344
1763641.7753247835
1781093.6446702061
1789983.977824818
1802304.4069935156
1808538.0522034022
1763775.1959293718
1718953.2864668965
1654108.7081197102
1569957.8735967958
1502233.21441553
1438180.8059463494
1387163.7546779963
1352885.6350762628
1310135.0738868075
1253136.451912854
1202078.9608161824
1185512.8613073442
1209879.9928545668
1238896.443839736
1258721.6335637858
1277026.7211845182
1265923.4085799344
1242372.8369804902
1252534.5449570164
1284793.660627906
1321789.6424753491
1355321.5584737295
1431678.7163273562
1513365.5075088812
1509086.3307004035
1488713.62572045
1499035.070489291
1518578.810969465
1529132.1481381473
1522859.0382019877
1522760.7703238917
1492923.437292212
1385323.1526463323
1279988.9237695683
1271137.4071254884
1308929.3340701757
1325904.354395101
1336130.7270148215
1371394.9904520502
1440381.0247457116
1521209.087765546
1602187.6330241617
1690745.07619942
1788477.350517779
1888891.2812264266
1955171.275321242
2013676.950557049
2092392.2183843395
2138411.6313126995
2172856.863011975
2210415.337778937
2177173.3771845545
2087000.3631602428
1997841.059382464
1914426.4351622162
1842429.596600695
1810441.6228899169
1788481.712775402
1730039.5377209296
1618186.0988029442
1463125.0904559954
1387959.6205101626
1429351.6390201545
1470107.704659005
1459392.2767463333
1427655.1010000794
1375941.3735889043
1299577.9384668008
1124491.8822941352
1124619.2975659207
1080135.6177120316
1033859.4672666193
1037045.0002526318
1059677.5902424725
1073328.6350787424
1128059.2226272705
1232079.9789814248
1322731.3074861774
1399873.3526995634
1476555.6995134272
1590875.3642937283
1738769.3375904858
1878914.1050669767
1994094.5975282611
2114255.8734863536
2175657.073640965
2150129.034045752
2145120.281996354
2160156.3136473545
2154840.7974732397
2124675.5177732944
2056448.7008659206
1951779.0240654815
1858797.7330197904
1794569.496634078
1767477.697392213
1741185.986847672
1681620.2308049332
1665189.3539184167
1789065.4336086072
1939248.2026685528
1981959.0078784607
1994922.7272521951
2013286.4471217531
2007483.9359400775
1996997.061160581
2006963.731373103
2017643.6377764738
1987951.942923031
1843279.2984580402
1679415.7197136688
1651574.3612648202
1714240.2986018641
1801592.5566752937
1899915.4211748312
1967327.5414868074
2001467.9834290075
2045959.4625074116
2087903.9643527963
2141669.6352735474
2196600.8158756658
2212835.8743812125
2218563.7699454664
2231353.979534547
2234869.6580303707
2239803.4821544276
2240829.5417733276
2188564.6865344048
2107201.2754936037
2018492.8960356624
1949049.299695196
1905859.4279082976
1819182.3996301738
1703555.5475614502
1602092.2385222148
1526611.8394652952
1488280.4201913513
1502195.8650403174
1512481.5270826055
1501210.8123140524
1470316.1143418313
1437280.7786787532
1459916.7546070418
1790603.8998759275
1786575.0828307313
1654652.5555137172
1504976.3867384198
1424675.2131503334
1430999.212080918
1447582.5163898333
1475954.1031475705
1523537.0173655527
1522942.1586515878
1495222.9211228068
1509505.743008671
1558780.9098143096
1612987.4729559706
1661800.0070757214
1664314.1833760908
1670645.2486980418
1697669.6337836816
1678074.5610452371
1681467.680312694
1704656.1303465809
1690810.6238616095
1703027.1883991957
1724560.598914414
1733160.1749439975
1770287.9425138605
1795177.3322133422
1780972.2531027296
1781815.9853698036
1761439.271087729
1714364.279162625
1674587.090334587
1638506.1040080257
1617218.5603344576
1586657.4672178268
1565452.691208792
1561297.0351464853
1581718.799317291
1641148.5882677846
1721923.929490632
1804718.0165721546
1876241.9255831486
1894521.3800554797
1901755.4147083971
1941597.822365861
1946625.2380681105
1975462.3388714418
2058199.90791127
2088667.85454006
2091404.3182603675
2113917.941220081
2147481.51331824
2195316.890422737
2213714.755099147
2209690.7475779164
2229043.412933002
2212254.5673796996
2134682.546712136
2056740.7717249128
1967971.2356571136
1869579.1151228086
1794331.6803175726
1788613.3775011916
1850184.100117004
1890530.2092086761
1915181.2397724784
1932323.457068914
1940671.9388961056
1952736.4438573143
1980741.4261586252
2004548.835621683
2019056.8474281782
1996477.6694145908
1919708.9539237826
1863157.667522176
1401044.0805064696
1521133.176750773
1580571.9971665118
1613082.5708460994
1671087.9940895594
1713928.9793483105
1726128.0014223324
1746623.718298394
1801427.4420108597
1869768.4817999632
1924595.8101111853
1958435.5744800873
1992710.6856645995
2027449.4409322252
2077815.9901405356
2154281.1836131834
2219083.11445458
2216431.6673535113
2145816.9402046236
2060623.6346989681
1985032.5893387382
1928722.5305605412
1899667.1346537205
1870985.9192905892
1800087.7155240546
1701668.8685374174
1622840.6009430543
1561040.4877948484
1517574.494350731
1474121.101516702
1432122.0371417233
1412900.0104189236
1379190.6738630412
1313715.7361070146
1272629.0683201163
1263497.7771430586
1242613.822858184
1228928.960775323
1216992.6834373786
1192660.9314841693
1168355.631164019
1129951.8306403875
1083191.6946579032
1065101.4179098154
1064432.468008238
1049559.465596204
1043854.2610652491
1049584.8413755046
1069702.659478385
1106782.1256625461
1126270.0547676894
1145965.9127186178
1170213.6661309637
1165508.71859342
1142295.9375684587
1130360.4946298003
1114200.351339928
1096584.9356088187
1068925.8248993575
1003734.4656899706
957581.9418745626
956269.7958949105
977866.0119962853
1012995.7222444221
1056018.8981089117
1131022.2007580018
1205508.6427186106
1237190.1250433335
1262745.3034309973
1344701.522297981
1456367.6627513943
1514174.2355800716
1564011.1215985126
1635959.2679852042
1708048.7242354907
1236299.1530940714
1227774.4197539212
1224536.5055919683
1211595.383797911
1200771.087791703
1220212.3135914807
1283318.926531677
1306920.5925726336
1260706.5482833914
1209424.5288550747
1174868.1213512688
1180852.0495401507
1197801.5286694076
1208035.8688659929
1194461.2291734135
1153269.3018309723
1109225.4815587574
1076558.763718188
1036324.5556754905
992294.9025399602
971496.7822176892
945143.0310504177
885157.9430992326
816142.4492541362
821235.6442749773
910954.5182933069
987352.2428071437
1069447.3996743613
1209101.9812769361
1360099.1570345866
1466575.980863518
1559809.5861383444
1695667.168378408
1846126.0405390381
1914640.0151833554
1907293.5376603324
1918227.0319212184
1936613.4502532275
1917433.5592800188
1893136.3797145637
1915148.0163970299
1947883.7739215961
1954596.3492075864
1953576.2934505893
1961755.6929546257
1959004.627867125
1961002.2140413637
1972137.7940162544
1994815.6992933273
2023081.5832262412
2028227.0933601477
2011916.2269504797
2010805.5678092653
2025143.7972826469
2051748.236315785
2084609.4224164046
2103879.7368087987
2131439.1737390645
2130814.634633877
2044309.0617745097
1933518.3313770774
1856369.5294279954
1779015.930371088
1688465.2382894717
1589749.1939121117
1490696.622426185
1384803.797298221
1266991.0976503603
1178504.1796786878
1142704.4290683588
1122953.6660796585
1099815.317019642
1085522.4215330044
1055862.5567728304
1014681.9347483158
1871726.7530052515
1877868.4875665933
1827189.8289232706
1799335.019175654
1802671.98314585
1797729.5943649178
1794406.786000059
1771006.9324701903
1714867.436349247
1595777.0788896764
1478594.5526941428
1416581.5500785708
1393613.8641682786
1389732.094877864
1365923.820722935
1332628.8321260852
1289844.0825622836
1262672.0037102655
1274748.2193378345
1292014.0367606448
1292199.6844288576
1281036.949371606
1250869.4924416821
1230154.6982852127
1228396.2833994057
1207586.3678552036
1190057.847590662
1201575.3629860184
1214268.2069619892
1260019.95528983
1321884.8802931495
1353869.6104759725
1371791.210873718
1367820.6964424253
1353027.0026196458
1364293.477141711
1394665.2810769395
1409865.9448005029
1398805.362992397
1358204.3341584248
1327124.8453497523
1354255.7562215573
1439967.0330094388
1594375.122924787
1777138.4926638678
1864690.7311116678
1898738.9160865666
1950372.863794115
1986681.6398971302
2047694.5149267372
2174684.980544683
2222503.6640237533
2197334.0477621234
2143099.4642679496
2053802.470707787
2049685.038268958
2089480.4739178102
2071510.617169311
2068396.966383976
2110072.6958960826
2123746.8443271853
2181057.0444172374
2258989.9752423586
2295323.907152647
2339591.9071361925
2388836.416730857
2435880.857373903
2532342.684252092
2633092.4669476887
2674358.0304228375
2678996.747604403
2680490.1789969746
2683605.437532768
2693277.9668010413
2716131.9512164877
1588891.5919685394
1621587.488299738
1617328.733237931
1605133.0707120248
1594919.9258268657
1608928.205164464
1653115.3409332107
1709772.0387160156
1779299.2923972162
1858499.8443154257
1912905.0939761633
1927847.2510455071
1977758.770213139
2064917.6694196048
2159852.3009346346
2228260.8671919988
2257232.548809484
2274689.1477927044
2268793.311938845
2232530.1009953828
2168374.659901993
2099905.686306154
2047468.7925949355
2008835.9147538377
1955002.2303229207
1849111.1353651015
1741610.967285072
1664221.8899865395
1620033.1833405127
1570165.4643084367
1505993.0773405614
1451714.1748445998
1391926.825270784
1303247.0960837933
1238434.1985286407
1228629.9350615314
1240224.674458175
1249715.1085561654
1198197.5174968475
1137626.6274787884
1116142.1635272903
1110601.4671713659
1122912.7791264066
1148312.0772568926
1169377.6689648991
1202641.4101258486
1208145.7297263602
1174476.6369400895
1151882.4835224824
1149364.9382667777
1173350.9591216804
1198420.1905456912
1248308.395158972
1331382.2603331532
1360698.7007578167
1346580.8010759538
1349144.1564113207
1349791.091043677
