1699110.457252308
1746628.318188394
1764314.6262779748
1781780.6485216077
1790667.132411778
1802989.4114428961
1809230.5263997773
1764460.0489999964
1719642.3392399738
1654782.0692491282
1570608.512828876
1502887.7535084765
1438826.3501489328
1387791.763067087
1353487.2843947934
1310706.4397428792
1253687.5223972388
1202617.3514200326
1186065.1554014573
1210433.4763765177
1239443.01601663
1259278.973780337
1277592.894620609
1266482.3902153757
1242919.335508782
1253083.4145552171
1285349.1774406247
1322352.2538552512
1355903.9226054938
1432274.068413877
1513945.8580267082
1509642.9923170751
1489274.104774454
1499623.0690552876
1519172.3705310225
1529727.4443430216
1523449.9486283252
1523354.0777991912
1493513.6175416661
1385879.928147814
1280518.6464648636
1271678.1610994698
1309487.676818878
1326454.4611844565
1336673.0940586058
1371950.6054229843
1440947.0859274352
1521778.581121637
1602761.3725552242
1691331.507704032
1789090.0454506807
1889531.0284327217
1955816.4322570674
2014327.9043764535
2093062.5994202825
2139090.035540001
2173541.083215473
2211100.693732049
2177846.6846873183
2087663.7736055392
1998517.525255615
1915121.9692729572
1843114.494669383
1811115.0428441497
1789128.9339110078
1730650.6381658874
1618773.1940721776
1463689.9173237116
1388528.9077898243
1429946.7180104454
1470697.4246323833
1459958.0749306602
1428207.4615806844
1376492.1099912368
1300113.370444146
1124999.9135023714
1125135.6827307001
1080630.7882674988
1034337.8397150319
1037540.9540515607
1060184.470947063
1073824.4140164042
1128576.239963956
1232625.2287039596
1323262.8703328026
1400394.5777444092
1477091.1692223065
1591439.9459329422
1739359.3443902598
1879518.7283680937
1994722.4748983285
2114919.423101872
2176335.161773975
2150814.405699341
2145823.2464696337
2160854.4293754986
2155529.5808107588
2125365.0402841712
2057134.1757496647
1952449.3378491579
1859458.3001932206
1795231.718455342
1768135.782344479
1741825.5591295538
1682246.1713691105
1665816.5014928058
1789679.054427875
1939820.909503691
1982525.382883071
1995536.042418437
2013951.0259778437
2008161.2436911822
1997678.8200265286
2007648.3354823438
2018324.3317732206
1988626.303745586
1843930.4723748022
1680036.7019089973
1652192.8120997236
1714867.701284533
1802211.25073445
1900529.0579132345
1967946.2919718393
2002099.8562838186
2046614.1274556974
2088573.7610733332
2142353.201495849
2197291.921312124
2213532.719290251
2219275.3626409858
2232052.7810835787
2235540.5736055668
2240476.0530100837
2241520.837354969
2189256.164035457
2107881.7111010663
2019169.24272658
1949721.859752875
1906518.9888003676
1819816.6612020778
1704176.47170893
1602704.6557790025
1527208.222796039
1488865.8475343995
1502776.5643512034
1513046.8365186653
1501768.181216848
1470873.408043158
1437841.1595287484
1460502.5066888616
1791253.3777108912
1787211.8704370402
1655251.3589391366
1505551.3690408983
1425249.3656179076
1431573.4989452772
1448145.5181008733
1476525.8596272096
1524124.2120454102
1523516.8713914042
1495793.0057668637
1510092.0502535389
1559372.5482479485
1613586.9855865485
1662409.107075503
1664916.050582497
1671255.8509086776
1698294.1978107286
1678685.916478428
1682085.0210805412
1705278.5982520357
1691420.3576550395
1703643.4642651107
1725177.8195357227
1733772.7198216394
1770901.5205761313
1795789.479994008
1781588.167074896
1782450.0299916994
1762078.0130495871
1714996.102721459
1675220.7648857166
1639147.7639475148
1617850.8920955914
1587266.9431976685
1566053.9621000674
1561893.8848299126
1582319.6528027772
1641760.7624087613
1722537.812072442
1805338.0397770975
1876878.671325081
1895165.9060185924
1902412.843816923
1942269.0642555628
1947290.223418656
1976133.4689812432
2058871.5129161032
2089315.7277335562
2092050.26951478
2114577.468192729
2148153.2388420533
2196001.460252946
2214405.927220726
2210389.3279127018
2229746.934814271
2212952.7336699725
2135369.1078041517
2057409.6203378595
1968622.1860620934
1870225.64214137
1794981.6224258689
1789267.541810209
1850824.0969563923
1891145.9391526356
1915798.5024970064
1932948.919057658
1941304.6098431083
1953375.6261932664
1981393.7116928385
2005215.8890045402
2019734.4684870155
1997149.1138613399
1920355.850255678
1863794.289970514
1401587.0339271242
1521696.8249729194
1581144.2367855108
1613669.1819143416
1671688.276331392
1714541.8377547434
1726763.2136095369
1747285.640992445
1802095.0167569916
1870419.5578746453
1925237.2682168125
1959081.6730324284
1993368.042157732
2028118.9791383657
2078492.1428742476
2154966.229510735
2219782.4783964916
2217133.9966757796
2146516.45193978
2061322.2252652692
1985713.5420741544
1929379.6471510835
1900313.5371995128
1871629.5991348408
1800715.452995562
1702282.5431772948
1623460.760088521
1561647.340438443
1518169.046169013
1474716.1410940518
1432709.555649489
1413479.5698912088
1379752.6325424355
1314252.790739959
1273155.4031811517
1264026.4426194348
1243135.8478844538
1229441.9453287171
1217502.2173782904
1193166.6326258488
1168859.2307037923
1130445.794736974
1083664.3395881646
1065570.8705602332
1064909.8154948356
1050031.105397073
1044327.5919079726
1050059.68465453
1070184.1189803253
1107276.5773533082
1126760.9332989238
1146459.2241061372
1170709.5543912142
1165995.748847005
1142777.6734057348
1130847.3155007528
1114686.1656037222
1097063.5218024382
1069396.3496276229
1004173.7158889802
958010.7118690506
956728.2650802695
978339.1563126142
1013464.5815888307
1056493.3938726147
1131524.6625607933
1206022.7545156965
1237692.7301867139
1263257.0694931801
1345258.0966415752
1456958.6718698894
1514761.7119607655
1564600.383408422
1636562.346432944
1708661.9971559707
1236813.4556710178
1228286.736536068
1225055.9287992348
1212117.2503365942
1201297.5624447272
1220748.913118223
1283865.63523975
1307455.0607776383
1261220.7856587889
1209938.7542573658
1175378.8520106336
1181369.8451513634
1198321.959968628
1208551.8603348099
1194971.9998833237
1153775.2087270005
1109728.1923150418
1077039.1975044382
1036768.209637194
992724.4445798657
971939.2590427974
945591.610358416
885569.2930658893
816512.2067272705
821634.4237789771
911403.4923262207
987795.0741777881
1069885.6339228677
1209570.9501345214
1360595.377712799
1467085.8779588002
1560343.05121755
1696244.018700074
1846748.877834531
1915285.9387089678
1907949.1134451313
1918877.3082714982
1937250.9964698402
1918070.1035209298
1893788.6013465794
1915814.0655773822
1948542.0105590997
1955244.7550363592
1954228.6542144055
1962408.305162091
1959650.277704769
1961649.7959491918
1972782.5609541156
1995465.3910634029
2023746.1058169436
2028890.744095982
2012569.1048563584
2011460.7599742475
2025804.434363161
2052409.0572809412
2085271.6570955743
2104544.650093477
2132106.0974169597
2131473.72996249
2044952.2899315953
1934153.9700327357
1857028.658116651
1779671.3007963044
1689094.8394885277
1590357.3476127593
1491294.3876384345
1385385.8781900832
1267544.685745787
1179033.8080042356
1143211.5603796532
1123446.0379012988
1100313.3931744206
1086026.4886732379
1056341.9639514354
1015133.9963441385
1872359.5770611006
1878502.7061568329
1827825.8575077308
1799974.6187439768
1803317.569890752
1798372.5276029224
1795040.4593368126
1771625.0932298955
1715482.836464756
1596382.2218747463
1479178.8714118875
1417163.766239887
1394196.9038567983
1390305.7010885358
1366481.276769564
1333177.9255101997
1290380.451271469
1263192.7441530135
1275278.068929372
1292543.4949738898
1292720.0616559556
1281566.4218297729
1251401.8121669546
1230686.703517313
1228920.7890631184
1208096.1107000413
1190566.5525903935
1202097.871364397
1214802.1164350254
1260564.7675818212
1322431.4068583467
1354414.253844339
1372345.9735212782
1368381.7277149132
1353584.3658777967
1364858.1907823551
1395241.6693570104
1410436.7560273004
1399367.680521806
1358758.9971270226
1327677.0409958737
1354824.2129904712
1440547.7528637457
1594961.5126796204
1777726.23077038
1865280.272467535
1899350.822236866
1951015.2748641435
1987331.6629350807
2048364.0618396432
2175379.3704299657
2223178.532299009
2198011.6835407293
2143798.102379452
2054473.404602199
2050342.8791654997
2090145.4751095886
2072167.3092242402
2069062.8683681095
2110772.4759722063
2124434.749009842
2181727.9256394817
2259663.4459543107
2296001.166496092
2340279.397991824
2389534.031464402
2436586.9799464084
2533066.993440559
2633837.6455053994
2675112.681111682
2679746.89387509
2681236.1769766374
2684347.142860686
2694014.124255876
2716862.8167961854
1589470.9958579678
1622188.4628267132
1617917.5915037363
1605715.6226670172
1595504.2572727753
1609523.5919055657
1653726.378839695
1710393.7357074923
1779936.425053516
1859135.3068775325
1913526.3886149188
1928463.4397897327
1978391.905343228
2065575.6198494288
2160530.631142741
2228956.6282518706
2257934.7967278166
2275397.936051154
2269507.344532313
2233233.5297923186
2169061.384301532
2100582.7990764
2048143.3603129128
2009509.834393298
1955655.672599324
1849735.3637658374
1742220.221036132
1664842.8293631
1620660.8577456572
1570760.2684479305
1506551.4719988995
1452263.4568815948
1392472.7688465326
1303778.4523823473
1238962.3947260778
1229154.6092007984
1240751.352171211
1250257.5912359788
1198724.008195402
1138125.551818024
1116634.598226453
1111101.3270102402
1123421.9587123177
1148823.013879672
1169892.1129541164
1203163.9636785034
1208655.2494631303
1174972.1070275952
1152380.9048949063
1149868.3358561243
1173870.3803702241
1198947.0164510342
1248850.9954269575
1331930.806204833
1361223.617866791
1347097.7997402782
1349675.7089419896
1350324.2239880783
